0.00 6.01 0.00
0.10 5.56 0.02
0.20 5.11 0.08
0.30 4.79 0.17
0.40 4.55 0.28
0.50 4.37 0.40
0.60 4.19 0.53
0.70 3.99 0.66
0.80 3.86 0.79
0.90 3.70 0.92
1.00 3.59 1.05
1.10 3.46 1.17
1.20 3.39 1.28
1.30 3.28 1.38
1.40 3.21 1.48
1.50 3.10 1.58
1.60 3.08 1.66
1.70 2.99 1.74
1.80 2.96 1.81
1.90 2.90 1.88
2.00 2.89 1.93
2.10 2.84 1.98
2.20 2.80 2.03
2.30 2.78 2.08
2.40 2.73 2.12
2.50 2.70 2.16
2.60 2.71 2.19
2.70 2.66 2.22
2.80 2.67 2.25
2.90 2.65 2.27
3.00 2.62 2.30
3.10 2.64 2.31
3.20 2.61 2.33
3.30 2.60 2.35
3.40 2.57 2.37
3.50 2.59 2.38
3.60 2.59 2.39
3.70 2.55 2.40
3.80 2.58 2.40
3.90 2.56 2.41
4.00 2.57 2.42
4.10 2.56 2.42
4.20 2.54 2.43
4.30 2.57 2.43
4.40 2.51 2.45
4.50 2.54 2.45
4.60 2.53 2.45
4.70 2.55 2.45
4.80 2.53 2.46
4.90 2.54 2.46
5.00 2.52 2.46
5.10 2.51 2.47
5.20 2.53 2.47
5.30 2.54 2.47
5.40 2.51 2.47
5.50 2.53 2.47
5.60 2.51 2.48
5.70 2.52 2.48
5.80 2.52 2.48
5.90 2.53 2.48
6.00 2.50 2.48
6.10 2.54 2.48
6.20 2.53 2.48
6.30 2.53 2.48
6.40 2.50 2.48
6.50 2.51 2.48
6.60 2.52 2.48
6.70 2.52 2.48
6.80 2.52 2.48
6.90 2.52 2.48
7.00 2.52 2.48
7.10 2.52 2.48
7.20 2.50 2.49
7.30 2.51 2.49
7.40 2.54 2.48
7.50 2.50 2.49
7.60 2.51 2.49
7.70 2.51 2.49
7.80 2.51 2.49
7.90 2.49 2.49
8.00 2.53 2.49
8.10 2.52 2.49
8.20 2.51 2.49
8.30 2.51 2.49
8.40 2.51 2.49
8.50 2.51 2.49
8.60 2.51 2.49
8.70 2.51 2.49
8.80 2.51 2.49
8.90 2.51 2.49
9.00 2.49 2.49
9.10 2.53 2.49
9.20 2.52 2.49
9.30 2.51 2.49
9.40 2.49 2.49
9.50 2.53 2.49
9.60 2.50 2.49
9.70 2.53 2.49
9.80 2.50 2.49
9.90 2.53 2.49
10.00 2.52 2.49
10.10 2.51 2.49
10.20 2.51 2.49
10.30 2.51 2.49
