0.00 -5.02 0.68
0.10 -1.94 0.65
0.20 -0.86 0.63
0.30 -0.75 0.60
0.40 -0.82 0.58
0.50 -0.74 0.55
0.60 -0.75 0.53
0.70 -0.69 0.50
0.80 -0.64 0.48
0.90 -0.64 0.46
1.00 -0.61 0.44
1.10 -0.58 0.42
1.20 -0.51 0.40
1.30 -0.53 0.38
1.40 -0.52 0.37
1.50 -0.46 0.35
1.60 -0.46 0.33
1.70 -0.44 0.32
1.80 -0.41 0.30
1.90 -0.42 0.29
2.00 -0.38 0.28
2.10 -0.35 0.26
2.20 -0.36 0.25
2.30 -0.31 0.24
2.40 -0.32 0.23
2.50 -0.34 0.22
2.60 -0.27 0.21
2.70 -0.27 0.20
2.80 -0.26 0.19
2.90 -0.28 0.19
3.00 -0.24 0.18
3.10 -0.21 0.17
3.20 -0.23 0.16
3.30 -0.23 0.16
3.40 -0.19 0.15
3.50 -0.20 0.14
3.60 -0.16 0.13
3.70 -0.18 0.13
3.80 -0.17 0.12
3.90 -0.13 0.11
4.00 -0.18 0.11
4.10 -0.16 0.11
4.20 -0.14 0.10
4.30 -0.13 0.10
4.40 -0.12 0.09
4.50 -0.08 0.08
4.60 -0.13 0.08
4.70 -0.11 0.08
4.80 -0.13 0.08
4.90 -0.10 0.07
5.00 -0.12 0.07
5.10 -0.12 0.07
5.20 -0.02 0.06
5.30 -0.12 0.06
5.40 -0.04 0.05
5.50 -0.08 0.05
5.60 -0.09 0.05
5.70 -0.06 0.05
5.80 -0.04 0.04
5.90 -0.10 0.05
6.00 -0.05 0.04
6.10 -0.07 0.04
6.20 -0.07 0.04
6.30 -0.04 0.04
6.40 -0.02 0.03
6.50 -0.05 0.03
6.60 -0.06 0.03
6.70 -0.06 0.03
6.80 -0.02 0.03
6.90 -0.08 0.03
7.00 -0.03 0.03
7.10 -0.01 0.02
7.20 -0.03 0.02
7.30 -0.04 0.02
7.40 -0.04 0.02
7.50 -0.01 0.02
7.60 -0.06 0.02
7.70 -0.01 0.02
7.80 -0.03 0.02
7.90 0.00 0.01
8.00 -0.02 0.01
8.10 -0.03 0.01
8.20 -0.03 0.01
8.30 -0.03 0.01
8.40 -0.02 0.01
8.50 -0.02 0.01
8.60 0.01 0.01
8.70 -0.01 0.01
8.80 -0.02 0.01
8.90 -0.02 0.01
9.00 0.02 0.00
9.10 -0.04 0.01
9.20 -0.02 0.01
9.30 -0.02 0.01
9.40 -0.02 0.01
9.50 0.02 0.00
9.60 -0.04 0.01
9.70 -0.02 0.01
9.80 0.02 0.00
9.90 -0.00 0.00
10.00 8.01 0.00
10.10 7.02 0.03
10.20 6.23 0.09
10.30 5.87 0.18
10.40 5.53 0.28
10.50 5.18 0.41
10.60 4.87 0.55
10.70 4.59 0.69
10.80 4.34 0.83
10.90 4.03 0.98
11.00 3.87 1.12
11.10 3.69 1.25
11.20 3.55 1.37
11.30 3.43 1.49
11.40 3.28 1.59
11.50 3.18 1.69
11.60 3.06 1.78
11.70 3.02 1.86
11.80 2.94 1.94
11.90 2.90 2.00
12.00 2.84 2.06
12.10 2.81 2.11
12.20 2.74 2.16
12.30 2.70 2.20
12.40 2.74 2.23
12.50 2.67 2.26
12.60 2.64 2.29
12.70 2.67 2.31
12.80 2.58 2.34
12.90 2.62 2.36
13.00 2.58 2.38
13.10 2.58 2.39
13.20 2.60 2.40
13.30 2.59 2.41
13.40 2.53 2.42
13.50 2.57 2.43
13.60 2.58 2.43
13.70 2.53 2.44
13.80 2.55 2.45
13.90 2.54 2.45
14.00 2.54 2.46
14.10 2.53 2.46
14.20 2.56 2.46
14.30 2.53 2.47
14.40 2.51 2.47
14.50 2.54 2.47
14.60 2.55 2.47
14.70 2.55 2.47
14.80 2.51 2.48
14.90 2.49 2.48
15.00 2.52 2.48
15.10 2.53 2.48
15.20 2.49 2.49
15.30 2.51 2.49
15.40 2.56 2.48
15.50 2.54 2.48
15.60 2.53 2.48
15.70 2.49 2.49
15.80 2.51 2.49
15.90 2.52 2.49
16.00 2.49 2.49
16.10 2.54 2.49
16.20 2.53 2.49
16.30 2.52 2.49
16.40 2.52 2.49
16.50 2.48 2.49
16.60 2.54 2.49
16.70 2.53 2.49
16.80 2.52 2.49
16.90 2.52 2.49
17.00 2.52 2.49
17.10 2.52 2.49
17.20 2.52 2.49
17.30 2.52 2.49
17.40 2.52 2.49
17.50 2.52 2.49
17.60 2.52 2.49
17.70 2.52 2.49
17.80 2.52 2.49
17.90 2.52 2.49
18.00 2.52 2.49
18.10 2.52 2.49
18.20 2.52 2.49
18.30 2.52 2.49
18.40 2.48 2.49
18.50 2.54 2.49
18.60 2.49 2.49
18.70 2.54 2.49
18.80 2.49 2.49
18.90 2.51 2.49
19.00 2.51 2.49
19.10 2.55 2.49
19.20 2.53 2.49
19.30 2.52 2.49
19.40 2.52 2.49
19.50 2.48 2.49
19.60 2.54 2.49
19.70 2.49 2.49