0.00 -0.42 0.21
0.10 -0.21 0.22
0.20 -0.23 0.20
0.30 -0.20 0.20
0.40 -0.19 0.20
0.50 -0.17 0.19
0.60 -0.17 0.19
0.70 -0.16 0.18
0.80 -0.15 0.18
0.90 -0.14 0.17
1.00 -0.15 0.17
1.10 -0.14 0.17
1.20 -0.13 0.16
1.30 -0.13 0.16
1.40 -0.13 0.16
1.50 -0.12 0.15
1.60 -0.12 0.15
1.70 -0.11 0.14
1.80 -0.12 0.14
1.90 -0.11 0.14
2.00 -0.13 0.14
2.10 -0.10 0.13
2.20 -0.10 0.13
2.30 -0.11 0.13
2.40 -0.10 0.12
2.50 -0.10 0.12
2.60 -0.10 0.12
2.70 -0.09 0.12
2.80 -0.09 0.11
2.90 -0.10 0.12
3.00 -0.09 0.11
3.10 -0.09 0.11
3.20 -0.08 0.10
3.30 -0.10 0.11
3.40 -0.07 0.10
3.50 -0.08 0.10
3.60 -0.08 0.10
3.70 -0.06 0.09
3.80 -0.07 0.09
3.90 -0.07 0.09
4.00 -0.07 0.09
4.10 -0.06 0.08
4.20 -0.08 0.09
4.30 -0.05 0.08
4.40 -0.08 0.08
4.50 -0.07 0.08
4.60 -0.06 0.08
4.70 -0.06 0.07
4.80 -0.06 0.07
4.90 -0.06 0.07
5.00 -0.05 0.07
5.10 -0.06 0.07
5.20 -0.07 0.07
5.30 -0.04 0.06
5.40 -0.06 0.06
5.50 -0.05 0.06
5.60 -0.05 0.06
5.70 -0.04 0.06
5.80 -0.05 0.06
5.90 -0.05 0.06
6.00 -0.04 0.05
6.10 -0.06 0.06
6.20 -0.04 0.05
6.30 -0.05 0.05
6.40 -0.04 0.05
6.50 -0.04 0.05
6.60 -0.04 0.05
6.70 -0.03 0.04
6.80 -0.05 0.05
6.90 -0.04 0.05
7.00 -0.03 0.04
7.10 -0.04 0.04
7.20 -0.04 0.04
7.30 -0.04 0.04
7.40 -0.04 0.04
7.50 -0.03 0.04
7.60 -0.03 0.04
7.70 -0.03 0.04
7.80 -0.03 0.04
7.90 -0.03 0.04
8.00 -0.02 0.03
8.10 -0.03 0.03
8.20 -0.03 0.03
8.30 -0.03 0.03
8.40 -0.03 0.03
8.50 -0.02 0.03
8.60 -0.03 0.03
8.70 -0.04 0.04
8.80 -0.02 0.03
8.90 -0.02 0.02
9.00 -0.02 0.02
9.10 -0.03 0.03
9.20 -0.02 0.03
9.30 -0.02 0.02
9.40 -0.03 0.03
9.50 -0.01 0.02
9.60 -0.03 0.03
9.70 -0.01 0.02
9.80 -0.02 0.02
9.90 -0.01 0.02
10.00 6.01 0.02
10.10 5.61 0.03
10.20 5.29 0.04
10.30 5.06 0.07
10.40 4.87 0.10
10.50 4.71 0.15
10.60 4.61 0.19
10.70 4.49 0.24
10.80 4.41 0.29
10.90 4.32 0.35
11.00 4.25 0.41
11.10 4.17 0.47
11.20 4.11 0.53
11.30 4.04 0.60
11.40 3.98 0.66
11.50 3.93 0.72
11.60 3.87 0.78
11.70 3.81 0.85
11.80 3.76 0.91
11.90 3.71 0.97
12.00 3.65 1.03
12.10 3.61 1.09
12.20 3.56 1.14
12.30 3.51 1.20
12.40 3.46 1.26
12.50 3.42 1.31
12.60 3.37 1.36
12.70 3.33 1.42
12.80 3.30 1.46
12.90 3.26 1.51
13.00 3.23 1.55
13.10 3.19 1.59
13.20 3.15 1.64
13.30 3.12 1.68
13.40 3.09 1.72
13.50 3.06 1.76
13.60 3.03 1.79
13.70 3.01 1.83
13.80 2.98 1.86
13.90 2.96 1.89
14.00 2.94 1.92
14.10 2.91 1.95
14.20 2.89 1.98
14.30 2.87 2.00
14.40 2.84 2.03
14.50 2.84 2.05
14.60 2.81 2.08
14.70 2.79 2.10
14.80 2.78 2.12
14.90 2.77 2.14
15.00 2.75 2.16
15.10 2.74 2.18
15.20 2.73 2.19
15.30 2.71 2.21
15.40 2.70 2.23
15.50 2.69 2.24
15.60 2.68 2.26
15.70 2.67 2.27
15.80 2.67 2.28
15.90 2.65 2.29
16.00 2.65 2.30
16.10 2.63 2.32
16.20 2.63 2.33
16.30 2.62 2.34
16.40 2.61 2.35
16.50 2.61 2.35
16.60 2.60 2.36
16.70 2.59 2.37
16.80 2.59 2.38
16.90 2.59 2.38
17.00 2.58 2.39
17.10 2.59 2.39
17.20 2.57 2.40
17.30 2.57 2.40
17.40 2.57 2.41
17.50 2.56 2.41
17.60 2.56 2.42
17.70 2.56 2.42
17.80 2.55 2.43
17.90 2.56 2.43
18.00 2.55 2.43
18.10 2.55 2.43
18.20 2.54 2.44
18.30 2.55 2.44
18.40 2.54 2.44
18.50 2.55 2.44
18.60 2.54 2.45
18.70 2.54 2.45
18.80 2.53 2.45
18.90 2.54 2.45
19.00 2.53 2.46
19.10 2.53 2.46
19.20 2.53 2.46
19.30 2.52 2.47
19.40 2.53 2.47
19.50 2.52 2.47
19.60 2.53 2.47
19.70 2.51 2.48
19.80 2.53 2.47
19.90 2.52 2.47
20.00 2.52 2.47
20.10 2.52 2.47
20.20 2.52 2.47
20.30 2.51 2.48
20.40 2.52 2.48
20.50 2.53 2.47
20.60 2.52 2.47
20.70 2.51 2.48
20.80 2.52 2.48
20.90 2.52 2.48
21.00 2.52 2.48
21.10 2.52 2.48
21.20 2.52 2.48
21.30 2.51 2.48
21.40 2.52 2.48
21.50 2.51 2.48
21.60 2.53 2.48
21.70 2.51 2.48
21.80 2.52 2.48
21.90 2.51 2.48
22.00 2.51 2.48
22.10 2.51 2.48
22.20 2.50 2.49
22.30 2.52 2.48
22.40 2.51 2.48
22.50 2.52 2.48
22.60 2.51 2.48
22.70 2.52 2.48
22.80 2.51 2.48
22.90 2.51 2.48
23.00 2.51 2.48
23.10 2.51 2.48
23.20 2.51 2.48
23.30 2.51 2.49
23.40 2.52 2.48
23.50 2.51 2.48
23.60 2.51 2.49
23.70 2.52 2.48
23.80 2.51 2.48
23.90 2.52 2.48
24.00 2.51 2.48
24.10 2.52 2.48
24.20 2.51 2.48
24.30 2.52 2.48
24.40 2.51 2.49
24.50 2.51 2.49
24.60 2.51 2.49
24.70 2.51 2.49
24.80 2.52 2.48
24.90 2.51 2.48
25.00 2.51 2.49
25.10 2.52 2.48
25.20 2.51 2.48
25.30 2.51 2.49
25.40 2.51 2.49
25.50 2.51 2.49
25.60 2.51 2.49
25.70 2.51 2.49
25.80 2.50 2.49
25.90 2.52 2.49
26.00 2.51 2.49
26.10 2.51 2.49
26.20 2.51 2.49
26.30 2.51 2.49
26.40 2.51 2.49
26.50 2.51 2.49
26.60 2.51 2.49
26.70 2.51 2.49
26.80 2.51 2.49
26.90 2.51 2.49
27.00 2.51 2.49
27.10 2.51 2.49
27.20 2.51 2.49
27.30 2.50 2.49
27.40 2.52 2.49
27.50 2.51 2.49
27.60 2.51 2.49
27.70 2.51 2.49
27.80 2.51 2.49
27.90 2.51 2.49
28.00 2.50 2.49
28.10 2.52 2.49
28.20 2.51 2.49
28.30 2.50 2.49
28.40 2.52 2.49
28.50 2.51 2.49
28.60 2.51 2.49
28.70 2.51 2.49
28.80 2.51 2.49
28.90 2.50 2.49
29.00 2.51 2.49
29.10 2.50 2.49
29.20 2.52 2.49
29.30 2.51 2.49
29.40 2.50 2.49
29.50 2.52 2.49
29.60 2.51 2.49
29.70 2.51 2.49
29.80 2.51 2.49
29.90 2.51 2.49
30.00 2.51 2.49
30.10 2.50 2.49
30.20 2.52 2.49
30.30 2.51 2.49
30.40 2.50 2.49
30.50 2.52 2.49
30.60 2.51 2.49
30.70 2.51 2.49
30.80 2.51 2.49
30.90 2.51 2.49
31.00 2.51 2.49
31.10 2.50 2.49
31.20 2.52 2.49
31.30 2.50 2.49
31.40 2.51 2.49
31.50 2.50 2.49
31.60 2.52 2.49
31.70 2.51 2.49
31.80 2.50 2.49
31.90 2.51 2.49